0.5326010128

-0.3209746973

0.3734785878

-0.2645924515

0.2624501044

-0.1985411109

0.1854759671

-0.1445779981

0.1319308554

-0.1034980047

0.0945411678

-0.0729456692

0.0684207226

-0.0504076359

0.0502428758

-0.0337997164

0.0377010358

-0.0215178691

0.0291742069

-0.0123689168

0.0235098511

-0.0054788058

0.0198828391

-0.0002157966

0.0176989020

0.0038725276

0.0165275442

0.0071073327

0.0160555537

0.0097141675

0.0160542213

0.0118499869

0.0163556900

0.0136220623

0.0168359020

0.0151025934

0.0174028539

0.0163396904

0.0179878088

0.0173631447

0.0185398216

0.0181936894

0.0190211142

0.0188431778

0.0194029122

0.0193194614

0.0196640600

0.0196285585

0.0197890888

0.0197757872

0.0197669195

0.0197680486

0.0195897403

0.0196140366

0.0192519726

0.0193256119

0.0187486101

0.0189190599

0.0180746547

0.0184162695

0.0172224580

0.0178459465

0.0161798670

0.0172470707

0.0149279143

0.0166709472

0.0134360238

0.0161862324

0.0116567357

0.0158850862

0.0095174837

0.0158911911

0.0069107003

0.0163721951

0.0036794429

0.0175563862

-0.0004022594

0.0197563226

-0.0056557596

0.0234017626

-0.0125338502

0.0290861909

-0.0216685328

0.0376336267

-0.0339336783

0.0501949523

-0.0505235252

0.0683902816

-0.0730417851

0.0945246723

-0.1035733830

0.1319248767

-0.1446322637

0.1854756655

-0.1985744200

0.2624500447

-0.2646062528

0.3734736200

-0.3209734140
