0.5320876710

-0.3209503620

0.3733023113

-0.2652185055

0.2624999440

-0.2000092409

0.1855494318

-0.1469801534

0.1317530296

-0.1068606995

0.0938799607

-0.0772834241

0.0670546262

-0.0557316226

0.0479718612

-0.0401220969

0.0343568942

-0.0288547760

0.0246238809

-0.0207382161

0.0176568779

-0.0148987055

0.0126655151

-0.0107008848

0.0090875756

-0.0076849261

0.0065219746

-0.0055190311

0.0046820337

-0.0039642555

0.0033626144

-0.0028487513

0.0024168278

-0.0020490658

0.0017394854

-0.0014766207

0.0012553043

-0.0010679705

0.0009104950

-0.0007778053

0.0006667631

-0.0005739430

0.0004970453

-0.0004337693

0.0003824991

-0.0003417328

0.0003104087

-0.0002876217

0.0002727715

-0.0002654323

0.0002654096

-0.0002727031

0.0002875057

-0.0003102424

0.0003415117

-0.0003822183

0.0004334209

-0.0004966218

0.0005734323

-0.0006661551

0.0007770815

-0.0009096429

0.0010669624

-0.0012541258

0.0014752300

-0.0017378689

0.0020471589

-0.0024146237

0.0028461477

-0.0033596245

0.0039607130

-0.0046779989

0.0055142269

-0.0065165605

0.0076784302

-0.0090803579

0.0106921237

-0.0126559507

0.0148868985

-0.0176442870

0.0207223023

-0.0246074269

0.0288333307

-0.0343355554

0.0400932035

-0.0479443803

0.0556928928

-0.0670193234

0.0772323864

-0.0938341675

0.1067960766

-0.1316917364

0.1469060249

-0.1854651178

0.1999423098

-0.2624331044

0.2651608221

-0.3732509333

0.3209053979

