0.5320384407

-0.3209053624

0.3732508822

-0.2651607467

0.2624330063

-0.1999421803

0.1854649564

-0.1469058236

0.1316914908

-0.1067957782

0.0938338091

-0.0772319571

0.0670188113

-0.0556922837

0.0479436573

-0.0400923466

0.0343345407

-0.0288321303

0.0246060077

-0.0207206249

0.0176423057

-0.0148845576

0.0126531873

-0.0106888595

0.0090765053

-0.0076738808

0.0065111908

-0.0055078873

0.0046705159

-0.0039518799

0.0033491977

-0.0028338402

0.0024000960

-0.0020300110

0.0017176277

-0.0014513384

0.0012259247

-0.0010336752

0.0008703518

-0.0007307041

0.0006114130

-0.0005088172

0.0004203530

-0.0003433962

0.0002759576

-0.0002160853

0.0001621960

-0.0001127563

0.0000664395

-0.0000219412

-0.0000219413

0.0000664397

-0.0001127563

0.0001621962

-0.0002160853

0.0002759579

-0.0003433960

0.0004203533

-0.0005088168

0.0006114134

-0.0007307036

0.0008703521

-0.0010336746

0.0012259250

-0.0014513376

0.0017176281

-0.0020300103

0.0024000961

-0.0028338399

0.0033491973

-0.0039518801

0.0046705150

-0.0055078879

0.0065111900

-0.0076738811

0.0090765045

-0.0106888598

0.0126531865

-0.0148845579

0.0176423052

-0.0207206251

0.0246060074

-0.0288321304

0.0343345406

-0.0400923466

0.0479436579

-0.0556922838

0.0670188119

-0.0772319575

0.0938338095

-0.1067957783

0.1316914911

-0.1469058236

0.1854649561

-0.1999421798

0.2624330057

-0.2651607462

0.3732508812

-0.3209053610
